SECT 2 (id, start_wall, num_walls)
1 0 8
2 8 6

WALLS 14 (id, p1x, p1y, p2x, p2y, portal)
0 100.0 50.0 50.0 100.0 -1
1 50.0 100.0 50.0 200.0 -1
2 100.0 50.0 200.0 50.0 -1
3 50.0 200.0 100.0 250.0 -1
4 100.0 250.0 200.0 250.0 -1
5 200.0, 250.0 250.0, 200.0 2
6 250.0, 200.0 250.0, 100.0 -1
7 250.0, 100.0 200.0, 50.0 -1
8 200.0, 250.0 200.0, 350.0 -1
9 200.0, 350.0 250.0, 400.0 -1
10 250.0, 400.0 350.0, 400.0 -1
11 350.0, 400.0 400.0, 250.0 -1
12 400.0, 250.0 350.0, 200.0 -1
13 350.0, 200.0 250.0, 200.0 -1

CAM
150.0, 135.0 1